52.702745888 0.823430025512 499.0
52.3988243282 0.274396367976 499.0
52.189167475 -0.375898234041 498.0
52.2924404037 -1.16326168748 498.0
52.3989196625 -1.95504139936 499.0
52.4516465584 -2.38812311674 499.0
52.4151781474 -2.21987353754 498.0
52.3787097363 -2.05162395834 498.0
52.3403827672 -1.87479979067 498.0
52.3039143562 -1.70655021147 498.0
52.2674459451 -1.53830063227 498.0
52.1832410068 -1.03487343938 498.0
52.1029733816 -0.259651628497 498.0
52.3101707122 0.439658747121 498.0
52.6214398482 0.793041136684 498.0
52.9617347221 0.932449504589 498.0
53.3020295961 1.07185787249 498.0
53.9862700544 1.25439852907 498.0
54.3168383971 1.33447233297 498.0
54.1393903094 1.2838404354 498.0
53.9528361385 1.23061026656 498.0
53.7753880508 1.17997836898 498.0
53.5979399631 1.12934647141 497.0
53.3915812944 1.07552210238 497.0
52.8347727857 1.01377170697 497.0
52.2779642771 0.952021311564 497.0
51.4298668589 0.890652891043 497.0
50.6698170938 0.813567458021 497.0
50.0270802895 0.708709563366 496.0
49.2535266159 0.658217958736 496.0
48.4004990104 0.656230415795 496.0
47.5719412411 0.583312287317 496.0
46.9386651144 0.387128796278 496.0
46.2728960222 0.208544496762 496.0
45.5704044086 0.14550720206 495.0
43.3666139568 -0.175532751222 495.0
42.5695069136 -0.25071547396 495.0
42.1900825565 -0.288238019483 495.0
42.5187473507 -0.181792658683 495.0
42.8661496784 -0.0692787333208 495.0
43.203608813 0.10022014794 495.0
43.5611914251 0.414000013812 495.0
43.9126974338 0.749238400077 495.0
43.8500588629 1.16055170846 494.0
43.7874202921 1.57186501685 494.0
43.7529939971 1.65770635481 495.0
43.7416763612 1.50350569085 495.0
43.7303587254 1.3493050269 495.0
43.7184677441 1.18729264005 495.0
43.7071501083 1.0330919761 495.0
43.6958324724 0.878891312147 495.0
43.6839337728 0.716773764829 495.0
43.602805444 0.549032853838 495.0
43.3762699788 0.353089264121 495.0
43.1378256781 0.146845035749 495.0
42.9112902129 -0.0490985539682 494.0
43.0851136939 0.0272841355107 494.0
43.2760702695 0.113153066728 495.0
43.4576232818 0.194793424318 495.0
43.639176294 0.276433781908 494.0
43.8300298412 0.362256383575 494.0
43.6618145668 0.306987732707 494.0
43.4512558206 0.23514467253 494.0
43.2300753131 0.159677446445 494.0
43.0195165668 0.087834386268 494.0
42.8053196981 0.0140585839208 494.0
42.5062486485 -0.102746840279 494.0
42.2218168579 -0.213834744014 494.0
41.9092234632 -0.335921465937 494.0
41.1572216764 -0.39171517806 494.0
39.2931218447 -0.369431088937 494.0
39.0684146115 -0.454228482475 494.0
38.8437073783 -0.539025876014 494.0
38.6063101781 -0.628612061246 494.0
38.1430895928 -0.703997196724 493.0
37.3045002911 -0.781157200296 493.0
36.4389674756 -0.938392590964 493.0
35.6647300951 -0.902451567036 493.0
35.0529815927 -0.658555127891 493.0
34.8511349933 -0.0601792244148 493.0
34.7261477315 0.234170185474 493.0
34.7011563827 0.117759380042 493.0
34.6749205125 -0.00444846089877 493.0
34.6499291637 -0.120859266331 493.0
34.6249378149 -0.237270071763 492.0
34.5986694567 -0.359629243423 492.0
34.5736781079 -0.476040048855 492.0
34.5486867591 -0.592450854287 492.0
34.5224882086 -0.714484858633 491.0
34.4974968598 -0.830895664065 491.0
33.9870074137 -1.25802259677 492.0
33.5248629369 -1.5433601932 492.0
33.3157499415 -1.55260674161 492.0
33.1066369461 -1.56185329001 492.0
32.8868751123 -1.57157070824 492.0
32.6777621169 -1.58081725665 492.0
32.3996626727 -1.58551244454 492.0
32.0723216985 -1.588123326 492.0
31.7607261923 -1.59060862114 492.0
31.3334914224 -1.65263899819 492.0
30.4735035844 -1.92947915684 492.0
29.7157162778 -1.97717700863 492.0
29.4354069581 -1.98159015061 493.0
29.9942735418 -1.91542330037 493.0
30.5448722072 -1.82967450244 493.0
32.7420287864 -1.39287836894 493.0
32.5187831947 -1.46364434725 493.0
32.2843786619 -1.53794756623 493.0
32.0611330702 -1.60871354454 493.0
31.8378874784 -1.67947952285 492.0
31.9456026937 -1.68384633288 492.0
32.3757804803 -1.62100816847 492.0
32.8059582668 -1.55817000405 492.0
33.2395659012 -1.46463734399 492.0
33.6370987356 -1.35450855092 492.0
34.0346315699 -1.24437975785 492.0
34.1131532396 -1.21859515838 492.0
34.0493050717 -1.23081901952 491.0
33.9854569039 -1.24304288066 491.0
33.918576758 -1.25584722016 490.0
33.8547285901 -1.2680710813 490.0
33.7908804223 -1.28029494244 490.0
33.7236127183 -1.29317348072 490.0
33.6597645504 -1.30539734186 489.0
33.5959163826 -1.317621203 489.0
33.5289713824 -1.33043795897 489.0
33.4651232146 -1.34266182011 489.0
33.4012750467 -1.35488568125 488.0
33.3341430649 -1.36773823524 488.0
33.2702948971 -1.37996209638 487.0
33.2064467292 -1.39218595752 487.0
33.1389200754 -1.40511407227 487.0
33.0750719075 -1.41733793341 487.0
33.1730521885 -1.38272792159 484.0
33.510492813 -1.27853224369 484.0
33.8332373785 -1.17887444807 481.0
34.155981944 -1.07921665244 481.0
34.0994550003 -1.09563495335 480.0
33.9230711309 -1.14870545509 480.0
33.762577721 -1.19699482428 480.0
33.2691413538 -1.34546030289 480.0
33.429392363 -1.28837639806 480.0
33.7783218109 -1.16961259707 480.0
34.1272512588 -1.05084879608 480.0
34.2007356929 -1.00284893427 480.0
34.2232183554 -0.969812573246 480.0
34.2457010179 -0.936776212224 482.0
34.2693680272 -0.90199955413 482.0
34.2918506897 -0.868963193108 482.0
34.3143333522 -0.835926832086 482.0
34.3378918025 -0.801309692255 482.0
34.360374465 -0.768273331233 482.0
34.3828571274 -0.735236970211 482.0
34.4065566806 -0.70041249173 482.0
34.4290393431 -0.667376130708 482.0
34.4515220055 -0.634339769686 482.0
34.475080095 -0.599723160153 482.0
34.4975627574 -0.566686799131 482.0
34.5200454199 -0.533650438109 482.0
34.5436756131 -0.498927878191 482.0
34.5661582756 -0.465891517169 482.0
34.5886409381 -0.432855156147 482.0
34.6122460441 -0.398169459725 482.0
34.6347287066 -0.365133098703 482.0
34.657211369 -0.332096737681 482.0
34.6808519538 -0.297358908305 482.0
34.7033346162 -0.264322547283 482.0
34.7258172787 -0.231286186261 482.0
34.7494338271 -0.196583676279 482.0
34.7661597427 -0.148147434291 482.0
34.6670551373 0.210147185838 483.0
34.5627444045 0.587263609766 483.0
34.5138337065 0.741367351592 483.0
34.5415980019 0.579111786264 483.0
34.5681355804 0.424025199666 485.0
34.645649307 -0.0289678740825 485.0
34.6709123113 -0.17660580176 485.0
34.6961753156 -0.324243729437 485.0
34.6124553298 -0.569021154907 485.0
34.2551491652 -1.02489681086 485.0
33.7421639713 -1.36936584016 485.0
33.0243899972 -1.61339980316 485.0
32.1354597266 -1.92298168519 485.0
31.6713061295 -2.44541267059 485.0
31.3356764113 -3.0714981367 485.0
31.4453247865 -3.69160152355 485.0
31.6033098248 -4.3145191985 485.0
31.5270359203 -3.8754355595 487.0
31.4006370559 -3.21457685326 487.0
31.2045354474 -2.80840386041 494.0
30.9860658362 -2.42748229563 494.0
30.8745713521 -2.16650153057 510.0
30.9798432007 -2.13393230018 510.0
31.0906243276 -2.09965859745 543.0
31.1958961763 -2.06708936706 543.0
31.3011680249 -2.03452013667 605.0
31.4115880775 -2.00035814389 605.0
31.5168599261 -1.9677889135 646.0
31.6221317747 -1.93521968311 646.0
31.7334844825 -1.90076914347 677.0
31.8387563311 -1.86819991308 677.0
32.001132734 -1.8182264369 704.0
32.3238643756 -1.71935905059 704.0
32.6331517797 -1.62461024593 715.0
32.9424391838 -1.52986144127 715.0
33.6912791044 -1.43122329514 722.0
34.392229797 -1.34243795709 722.0
34.6764175951 -1.27655213835 721.0
34.9748485032 -1.20736421103 721.0
35.2590363014 -1.14147839229 712.0
35.8988057687 -0.973932582773 712.0
36.7125486873 -0.806450424573 692.0
39.0759772342 -0.46813609974 668.0
39.8152056526 -0.31307425268 668.0
40.5803224401 -0.218367619698 661.0
41.4144721569 -0.178352874845 661.0
42.1734794397 -0.0544005656736 654.0
42.935949386 0.0763999231457 654.0
43.7894162716 0.274278130488 642.0
44.6002836407 0.420968189916 642.0
45.4140908727 0.487530920727 632.0
46.1963428282 0.550871351479 632.0
46.9450889512 0.726584653346 615.0
47.6969556783 0.983261835599 615.0
48.4518052644 1.22446063765 601.0
49.2579750369 1.29716063397 601.0
50.0998020164 1.25702421514 599.0
50.8996340985 1.05269944255 599.0
51.3061060965 0.98964530373 587.0
51.4708467861 1.01612336932 587.0
51.6443280229 1.04400626565 574.0
51.8090687125 1.07048433123 574.0
51.973809402 1.09696239682 566.0
52.1464318673 1.12470726647 566.0
52.3768971439 1.25828527949 566.0
52.758269631 1.63777057093 566.0
53.3010124471 1.96083348823 566.0
53.992365835 2.17438886179 566.0
54.8365522183 2.11638364956 557.0
55.5875034043 2.19190717714 557.0
56.2306521304 2.34686787067 553.0
57.0267720555 2.49260704631 553.0
57.7931221022 2.28222651522 547.0
58.4982075986 1.95334896545 547.0
59.0238713207 1.30696328349 545.0
59.2549302862 1.41164865676 545.0
59.3908093528 1.72352345514 541.0
59.5362403275 2.05732215633 541.0
59.8268513976 2.43413947396 539.0
61.3340958426 2.99836169688 533.0
61.9246533049 2.79227961658 533.0
62.5450082987 2.3071029814 531.0
63.0128041608 1.68465541034 531.0
63.3988297788 1.15103155732 520.0
63.6054207503 1.49082705426 520.0
63.8215799446 1.84636011709 522.0
64.0281709161 2.18615561404 522.0
64.6967363199 2.52545459293 521.0
65.4809118968 2.89903906234 521.0
66.178738622 3.27504058223 514.0
66.796805233 3.67216322812 514.0
67.5162674338 3.88612871379 512.0
68.2362700346 3.98406326481 512.0
69.0169954581 3.90742093112 512.0
68.856536855 3.82052504739 512.0
68.2249701841 3.73471552454 507.0
67.7700636947 3.83282198151 507.0
67.338695973 3.98524376355 502.0
67.2880910768 4.05662561093 502.0
67.6718912762 4.03918137114 503.0
68.0763584911 4.02079778745 503.0
68.4701790766 3.99045824309 503.0
68.873599067 3.94776515775 503.0
69.2971353614 3.90294320647 504.0
69.5333937425 3.8887355172 504.0
69.684281821 3.88907546776 504.0
69.8433247536 3.88943379119 504.0
69.9942128321 3.88977374175 503.0
70.1451009106 3.89011369231 503.0
70.303757028 3.89047114424 504.0
70.4546451065 3.8908110948 504.0
70.3959183485 3.90627453114 507.0
70.1543074225 3.93658850786 507.0
69.943749235 3.96300641909 507.0
69.1066211203 3.97868061527 508.0
68.5742028503 3.89576110685 508.0
67.8298978197 3.85251526352 510.0
66.9767723977 3.76227444545 510.0
66.5628157492 3.11166316333 511.0
66.530275898 2.97268683703 511.0
66.7772411789 3.2166275903 510.0
67.0242064597 3.46056834358 510.0
67.3646527615 3.71938973361 510.0
68.0922670085 3.97573681707 510.0
68.3242732017 4.00833969601 511.0
68.4898686846 4.00724089881 511.0
68.6473428266 4.00619599019 511.0
68.8048169686 4.00515108158 511.0
68.970834923 4.00404948109 510.0
69.128309065 4.00300457248 510.0
69.285783207 4.00195966386 509.0
69.0358173709 3.99414016749 509.0
68.6971681825 3.9850778493 510.0
68.358518994 3.97601553111 510.0
68.1573167076 4.1072764381 510.0
68.0140301188 4.27524417309 510.0
67.8707435301 4.44321190808 513.0
67.7202203757 4.61966270862 513.0
67.576933787 4.78763044361 512.0
67.2931877898 5.35756476706 512.0
66.9153894953 6.14457716463 512.0
66.5592466655 6.7979758562 512.0
66.1716148118 7.47471257334 512.0
65.8203920272 8.21619291964 512.0
65.5566511688 8.95680144652 511.0
65.3074219817 9.54799878383 511.0
65.0570515731 10.1683450918 511.0
64.8746430518 10.9821205654 511.0
64.7715561313 11.7430194182 511.0
64.6812770215 13.9621706173 510.0
64.4025827645 14.6808657988 510.0
64.415095807 15.1883450614 510.0
64.5889458688 15.5923503523 510.0
64.7710104675 16.0080283726 509.0
64.9276453087 16.2925806265 509.0
65.0842801499 16.5771328805 508.0
65.2497157216 16.8776730697 508.0
65.6315265046 17.3431530469 507.0
66.0867544967 17.8676233781 507.0
66.0536729226 17.7867092113 507.0
65.9454852547 17.6149649411 507.0
65.8372975868 17.443220671 506.0
65.7238572491 17.2631379649 506.0
65.6156695813 17.0913936948 506.0
65.5074819134 16.9196494247 506.0
65.2682329096 16.4704827393 506.0
64.917579358 15.7798316766 506.0
64.854099915 15.4585294406 505.0
64.8136182799 15.1542420396 505.0
64.7751531324 14.8651119266 505.0
64.7451695923 14.5297683537 505.0
64.8195225767 13.600255345 505.0
64.999640152 12.794228856 505.0
65.3207700329 12.0787450677 504.0
65.8219902742 11.4293061361 504.0
66.3988833843 10.9433507496 504.0
67.0118713224 10.6565249158 504.0
67.7468974738 10.8658860656 504.0
68.4630545457 11.1151081189 504.0
69.1941953066 11.4065652475 503.0
69.1695732205 11.3953789144 503.0
69.0143044599 11.3319515566 503.0
68.6803917761 11.1955480766 503.0
68.2055260758 11.0015652266 502.0
67.6428479198 10.962721909 502.0
66.9130354358 10.9339638695 504.0
66.365145024 11.3970843458 504.0
65.8919203024 11.9323430289 503.0
65.4969257066 12.3751516524 503.0
65.0449843519 12.8249163869 503.0
64.3625895543 13.1609176632 503.0
64.019592877 13.4837250782 503.0
63.9696530969 13.8109180404 503.0
63.9221358911 14.1222389003 502.0
63.8746186854 14.4335597602 502.0
63.9785034036 14.3416414463 503.0
64.1381958642 14.08826232 503.0
64.2978883247 13.8348831938 502.0
64.4788485778 13.53907175 502.0
64.7042718438 13.1376478335 502.0
64.9296951098 12.7362239169 502.0
65.3037356555 12.0200004699 502.0
65.6977787541 11.3172359771 502.0
66.1443248816 10.8072230729 502.0
66.7485962201 10.7515341692 502.0
67.3901462575 10.8198651497 502.0
68.1259011698 11.0608625639 502.0
68.6830370014 11.2247105774 502.0
69.1358359557 11.3487141944 502.0
69.6436954355 11.5358006702 502.0
70.2218945573 11.7827437121 502.0
70.897449993 12.0353642571 502.0
71.6212018274 12.3035369087 502.0
72.3232211357 12.5959192645 502.0
72.4224913416 12.6555194535 502.0
72.2558859572 12.6129279727 502.0
72.0641533364 12.5639128928 502.0
71.8975479126 12.521321402 501.0
71.0970710456 12.2837438565 501.0
70.3533021379 12.0272656693 501.0
69.63880045 11.5993301327 501.0
68.9154333697 11.225885304 501.0
68.1677623141 10.9198373771 502.0
67.3527927475 10.7754069113 502.0
66.736221643 11.0823867478 502.0
66.2114109625 11.5198901138 502.0
65.8335036424 12.1123959699 502.0
65.9863475014 11.9100186696 502.0
66.1391913604 11.7076413693 502.0
66.3001792367 11.4944807491 502.0
66.408372762 11.3616625052 502.0
66.2229392131 11.6862747102 502.0
66.0279523661 12.0276105187 502.0
65.8425188172 12.3522227236 502.0
65.5872408092 12.9513599614 502.0
65.3496955954 13.7554031759 502.0
65.3851264024 14.4293102048 502.0
65.4059540535 15.1426295725 502.0
65.4086851419 15.9451916206 501.0
65.4612647198 16.5200289522 501.0
65.5470849081 16.9700492919 500.0
65.5793951196 17.3012132963 500.0
65.5382190246 17.4381643361 497.0
65.4970429297 17.5751153759 497.0
65.4537496456 17.7191081529 497.0
65.4125735507 17.8560591927 497.0
65.3713974557 17.9930102325 497.0
65.3280702102 18.1371159649 497.0
65.2868941153 18.2740670047 497.0
65.2457180203 18.4110180445 497.0
65.1133434358 18.8303293225 496.0
64.8155613668 19.8084118033 496.0
64.7070903139 20.3701845618 496.0
64.4431035101 21.1699874587 494.0
64.3584725026 21.369486358 494.0
64.2775564998 21.560227955 493.0
64.1966404969 21.7509695519 493.0
64.109338094 21.9576059199 492.0
63.7732319793 22.9313599072 492.0
63.4912196133 23.6534354987 492.0
63.2093904132 24.346549668 492.0
63.1300636231 24.6427093199 490.0
63.1497799391 24.748059955 490.0
63.1705321205 24.8589455528 491.0
63.1902484365 24.9642961879 491.0
63.2099647525 25.0696468229 491.0
63.2307117072 25.180504493 491.0
63.2504280232 25.2858551281 491.0
63.2701443393 25.3912057632 491.0
63.290876731 25.5019856186 493.0
63.310593047 25.6073362537 493.0
63.3386760555 25.7352483354 494.0
63.6711337073 26.686671939 494.0
64.0047569623 27.6109843778 496.0
64.3197373043 28.4738209617 496.0
64.568397397 29.1809872733 504.0
64.5907484053 29.2748282205 504.0
64.572207363 29.2581657858 506.0
64.5526150795 29.2405586234 506.0
64.5340740372 29.2238961887 507.0
64.5155329949 29.207233754 507.0
64.496101286 29.1897708964 511.0
64.4775602437 29.1731084617 511.0
64.4590192014 29.156446027 513.0
64.4394581417 29.1388669247 513.0
64.4209170994 29.12220449 515.0
64.400705526 29.1040407851 515.0
64.3812235894 29.086532789 515.0
64.3245146186 29.0355696605 520.0
64.3059735763 29.0189072258 520.0
64.287432534 29.002244791 522.0
64.2678024178 28.9846036291 522.0
64.2492613755 28.9679411944 525.0
64.2307203332 28.9512787597 525.0
64.2112334771 28.9337663426 527.0
64.1926924348 28.9171039079 527.0
64.1741513925 28.9004414732 529.0
64.15463779 28.8829050197 529.0
64.1360967477 28.866242585 534.0
64.1175557054 28.8495801503 534.0
64.0979689847 28.831977987 539.0
64.0794279424 28.8153155523 539.0
64.0608869001 28.7986531176 540.0
64.0412402222 28.7809970721 540.0
64.0226991799 28.7643346374 543.0
64.0041581376 28.7476722027 543.0
63.9847758817 28.7302537875 546.0
63.9662348394 28.7135913528 546.0
63.9476937971 28.6969289181 549.0
63.9281427471 28.6793588112 549.0
63.9096017048 28.6626963765 549.0
63.8910606624 28.6460339418 549.0
63.8715280386 28.6284803942 551.0
63.8529869963 28.6118179595 551.0
63.8344459539 28.5951555248 552.0
63.8149154441 28.5776038769 552.0
63.7963744017 28.5609414422 554.0
63.7778333594 28.5442790075 554.0
63.762509521 28.5277821574 554.0
63.7546033 28.5137904604 554.0
63.7466970791 28.4997987635 555.0
63.7377088497 28.4838922282 555.0
63.7298026287 28.4699005313 557.0
63.7055523297 28.4269846 556.0
63.6976461088 28.4129929031 556.0
63.6893578228 28.3983250628 557.0
63.6814516018 28.3843333658 557.0
63.6735453809 28.3703416689 557.0
63.6652163492 28.3556017208 557.0
63.6573101283 28.3416100238 557.0
63.6494039074 28.3276183269 557.0
63.6410825071 28.3128918841 558.0
63.6331762862 28.2989001872 558.0
63.6252700653 28.2849084903 558.0
63.6169491988 28.2701829921 558.0
63.6090429778 28.2561912952 558.0
63.6011367569 28.2421995982 558.0
63.5928074434 28.2274591514 557.0
63.5849012225 28.2134674544 557.0
63.5769950016 28.1994757575 557.0
63.5686517448 28.184710635 557.0
63.5607455238 28.1707189381 558.0
63.5528393029 28.1567272411 558.0
63.5445286284 28.1420197799 560.0
63.5366224075 28.1280280829 560.0
63.5287161866 28.114036386 560.0
63.5203897622 28.0993010519 560.0
63.5124835412 28.085309355 561.0
63.5045773203 28.0713176581 561.0
63.4962501438 28.056580993 561.0
63.4883439229 28.042589296 561.0
63.4804377019 28.0285975991 561.0
63.4721087244 28.0138577467 561.0
63.4642025035 27.9998660498 561.0
63.4562962825 27.9858743529 561.0
63.4479674002 27.971134669 561.0
63.4393958039 27.9559654524 561.0
63.431489583 27.9419737555 561.0
63.4072620886 27.8990981817 558.0
63.3989800156 27.8844413367 558.0
63.3910737946 27.8704496397 558.0
63.3831675737 27.8564579428 558.0
63.374791464 27.8416346802 557.0
63.366885243 27.8276429833 557.0
63.3589790221 27.8136512863 555.0
63.3506585084 27.7989264124 555.0
63.3427522874 27.7849347155 553.0
63.3348460665 27.7709430186 553.0
63.3265156183 27.7562005635 552.0
63.3186093974 27.7422088666 552.0
63.3107031764 27.7282171697 549.0
63.3023608435 27.7134536821 549.0
63.2944546225 27.6994619852 548.0
63.2865484016 27.6854702883 548.0
63.2782422362 27.6707708066 545.0
63.2703360152 27.6567791097 545.0
63.2624297943 27.6427874128 542.0
63.2541005667 27.6280471178 542.0
63.2461943457 27.6140554209 540.0
63.2382881248 27.600063724 540.0
63.2299593358 27.5853242052 538.0
63.2220531149 27.5713325083 538.0
63.2141468939 27.5573408113 535.0
63.2057922955 27.5425556174 535.0
63.1978860745 27.5285639205 535.0
63.1899798536 27.5145722236 535.0
63.1816733896 27.4998722135 534.0
63.1737671686 27.4858805166 534.0
63.1658609477 27.4718888196 533.0
63.1575502975 27.4571814013 533.0
63.1496440765 27.4431897044 533.0
63.1410646529 27.4280066357 533.0
63.1327369277 27.4132689995 531.0
63.0926979302 26.1201027634 526.0
63.1108560941 25.1657946289 526.0
63.1702828621 24.2170311935 524.0
63.1966180739 23.8464656042 524.0
63.1978119425 23.8227679558 523.0
63.1990058111 23.7990703073 523.0
63.2002619274 23.7741370743 522.0
63.2014557961 23.7504394258 522.0
63.2026496647 23.7267417774 523.0
63.2039050494 23.7018230664 523.0
63.205098918 23.678125418 523.0
63.2062927866 23.6544277695 523.0
63.2075493736 23.6294851944 522.0
63.2087432423 23.605787546 522.0
63.2099371109 23.5820898976 522.0
63.2111936646 23.5571479826 522.0
63.2123875332 23.5334503341 522.0
63.2135814018 23.5097526857 522.0
63.2148378516 23.4848128349 521.0
63.2160317202 23.4611151865 521.0
63.2172255888 23.437417538 522.0
63.2184820955 23.4124765572 522.0
63.2196759641 23.3887789088 522.0
63.2208698327 23.3650812604 522.0
63.2221299549 23.3400685139 522.0
63.2233238235 23.3163708655 522.0
63.2245176921 23.292673217 522.0
63.2257705935 23.2678038005 522.0
63.2269644621 23.2441061521 521.0
63.2281583307 23.2204085037 521.0
63.229418166 23.1954014519 522.0
63.2306120346 23.1717038035 522.0
63.2318059032 23.1480061551 522.0
63.2331701688 23.120926217 522.0
63.2343640374 23.0972285685 522.0
63.2380227329 23.0246054352 526.0
63.2392166015 23.0009077867 526.0
63.240471718 22.9759944012 529.0
63.2416655866 22.9522967528 529.0
63.2428594552 22.9285991044 531.0
63.2441160185 22.9036569992 531.0
63.2453098872 22.8799593507 533.0
63.2465037558 22.8562617023 533.0
63.2477602574 22.8313208222 535.0
63.248954126 22.8076231738 535.0
63.2501479946 22.7839255253 538.0
63.2514045131 22.7589843096 538.0
63.2525983817 22.7352866612 540.0
63.3947960759 22.1660010654 540.0
63.6795385511 21.1579508375 540.0
63.9725673969 20.3906193869 540.0
64.0006983368 20.1811209442 539.0
64.0291460797 19.9629228923 539.0
64.0561502484 19.755797251 540.0
64.0831544171 19.5486716096 540.0
64.1115923433 19.330548854 540.0
64.3360457566 18.3969941843 540.0
64.5826245593 17.4190580051 540.0
64.7835551128 16.5343273224 540.0
64.8376604796 15.9626793394 540.0
64.7574691753 15.646158259 540.0
64.6731488087 15.3133394602 541.0
64.5687228184 14.9468649691 541.0
64.4128379305 14.4743215383 541.0
64.2487726541 13.9769803938 541.0
63.9747580143 12.9856066728 540.0
63.7272217691 11.9980594542 540.0
63.4690911188 10.9584128558 540.0
63.2820606973 10.189092402 540.0
63.2908837698 10.1648461016 540.0
63.3179211429 10.0905458779 536.0
63.3271449462 10.0651983469 536.0
63.3359680188 10.0409520465 534.0
63.3447910914 10.0167057462 534.0
63.3541204697 9.99106808922 533.0
63.3629435423 9.96682178886 533.0
63.3717666149 9.9425754885 532.0
63.3810353225 9.91710455808 532.0
63.3898583951 9.89285825772 532.0
63.3986814677 9.86861195736 532.0
63.4079587541 9.84311745171 530.0
63.4167818267 9.81887115135 530.0
63.4256048993 9.79462485099 529.0
63.4348817921 9.76913142708 529.0
63.4437048647 9.74488512672 528.0
63.4525279373 9.72063882636 528.0
63.4618065609 9.6951406462 528.0
63.4706296335 9.67089434584 528.0
63.4794527061 9.64664804548 527.0
63.488720566 9.62117944454 527.0
63.4975436386 9.59693314418 526.0
63.5063667112 9.57268684382 526.0
63.5156437019 9.54719315091 523.0
63.5244667745 9.52294685055 523.0
63.5332898471 9.49870055019 523.0
63.5425673689 9.47320539778 523.0
63.5513904415 9.44895909742 524.0
63.5602135141 9.42471279706 524.0
63.569491315 9.3992168777 525.0
63.5783143876 9.37497057733 525.0
63.5871374602 9.35072427697 524.0
63.5964722807 9.32507166444 524.0
63.6052953533 9.30082536408 524.0
63.6149570542 9.27427446591 524.0
63.6241673905 9.24896394323 526.0
63.6512479161 9.17454513364 524.0
63.64816036 9.17210227383 524.0
63.60492239 9.24315823467 523.0
63.5592417702 9.31822837162 523.0
63.5160038002 9.38928433246 520.0
63.4727658302 9.4603402933 520.0
63.4273035923 9.53505154812 518.0
63.3840656222 9.60610750897 518.0
63.3408276522 9.67716346981 514.0
63.2953636894 9.75187755932 514.0
63.2521257193 9.82293352016 511.0
63.2088877493 9.893989481 511.0
63.1634661748 9.96863391088 508.0
63.1202282048 10.0396898717 508.0
63.0769902347 10.1107458326 506.0
63.0847020451 10.0927683094 506.0
63.0943382685 10.0716758648 503.0
63.103974492 10.0505834203 503.0
63.1140487173 10.0285322466 503.0
63.1236849407 10.007439802 503.0
63.1333211642 9.98634735746 500.0
63.1434786961 9.96411383637 500.0
63.1531149195 9.94302139182 496.0
63.162751143 9.92192894726 496.0
63.1728579102 9.89980654341 498.0
63.1824941337 9.87871409886 498.0
63.1921303571 9.8576216543 495.0
63.202262551 9.83544359474 495.0
63.2118987745 9.81435115019 494.0
63.221534998 9.79325870563 494.0
63.2316779353 9.77105713006 492.0
63.2413141588 9.74996468551 492.0
63.2509503822 9.72887224095 491.0
63.2620071379 9.70467043552 491.0
63.2716433614 9.68357799097 490.0
63.3012483198 9.61877657307 486.0
63.3108845432 9.59768412852 486.0
63.3210359334 9.57546405083 485.0
63.3306721569 9.55437160628 485.0
63.3403083803 9.53327916172 485.0
63.3504407835 9.51110064409 485.0
63.360077007 9.49000819953 487.0
63.3697132304 9.46891575498 487.0
63.3798904089 9.44663922992 489.0
63.3895266324 9.42554678536 489.0
63.3991628559 9.40445434081 490.0
63.4092408685 9.38239487701 490.0
63.418877092 9.36130243245 491.0
63.4285133154 9.3402099879 491.0
63.4386360147 9.31805271085 491.0
63.4482722382 9.29696026629 491.0
63.4579084616 9.27586782174 492.0
63.4680409785 9.25368905515 492.0
63.477677202 9.2325966106 494.0
63.4873134255 9.21150416605 494.0
63.4974357926 9.18934761594 496.0
63.5070720161 9.16825517138 496.0
63.5167082396 9.14716272683 497.0
63.5511664484 9.08787454717 497.0
63.5932972129 9.01720501264 498.0
63.6354279774 8.94653547811 498.0
63.6796729146 8.87231966083 499.0
63.7218036791 8.8016501263 499.0
63.7639344436 8.73098059177 500.0
63.8081520114 8.65681068365 500.0
63.8502827759 8.58614114912 501.0
63.8924135404 8.51547161459 501.0
63.9366760012 8.44122640344 504.0
63.9247816703 8.46728632869 504.0
63.9028689908 8.51076461045 485.0
63.8354277962 8.64457879186 484.0
63.8125925308 8.68988763245 484.0
63.7906798514 8.73336591421 485.0
63.7687671719 8.77684419597 485.0
63.7455978973 8.8228157646 487.0
63.7236852179 8.86629404636 487.0
63.7017725384 8.90977232812 487.0
63.6787981336 8.95535724381 487.0
63.6568854541 8.99883552557 487.0
63.6349727747 9.04231380733 487.0
63.6118364345 9.08822002891 488.0
63.589923755 9.13169831067 488.0
63.5298655454 9.27122905913 490.0
63.3206890534 9.78571220467 490.0
63.1329483637 10.2477775959 489.0
63.1272330052 10.2666597103 489.0
63.1212322585 10.2864846763 488.0
63.1155169 10.3053667907 488.0
63.1098015416 10.3242489051 485.0
63.103798021 10.3440830353 485.0
63.0980826625 10.3629651496 486.0
63.0923673041 10.381847264 486.0
63.0863633261 10.4016829052 485.0
63.0806479677 10.4205650196 485.0
63.0749326092 10.439447134 485.0
63.0689276517 10.4592860111 485.0
63.0632122933 10.4781681255 483.0
63.0574969349 10.4970502399 483.0
63.051493483 10.5168841428 483.0
63.0457781246 10.5357662571 483.0
63.0400627662 10.5546483715 482.0
63.0340589798 10.5744833798 482.0
63.0283436213 10.5933654942 483.0
63.0226282629 10.6122476085 483.0
63.0166241932 10.6320835528 483.0
63.0105127212 10.6522743274 483.0
63.0047973627 10.6711564417 484.0
62.987258115 10.7291017282 486.0
62.981324397 10.7487052479 486.0
62.9756090386 10.7675873623 486.0
62.9698936801 10.7864694766 486.0
62.9638524101 10.8064283214 486.0
62.9581370517 10.8253104357 486.0
62.9524216933 10.8441925501 487.0
62.946426961 10.8639976456 487.0
62.9407116026 10.88287976 488.0
62.9349962442 10.9017618744 488.0
62.9289930406 10.9215949571 488.0
62.9232776821 10.9404770715 488.0
62.9175623237 10.9593591858 490.0
62.9115578816 10.9791963604 490.0
62.9058425232 10.9980784747 489.0
62.9001271647 11.0169605891 489.0
62.8941243686 11.0367923257 490.0
62.8884090102 11.0556744401 490.0
62.8826936517 11.0745565545 490.0
62.8767003064 11.0943570679 490.0
62.870984948 11.1132391823 492.0
62.8652695896 11.1321212967 492.0
62.8592711903 11.151938507 492.0
62.8535558319 11.1708206214 492.0
62.8478404735 11.1897027358 492.0
62.9997665607 11.247748166 492.0
63.9367264715 11.4948246485 491.0
63.9686621659 11.50638673 491.0
63.9720544338 11.5106818759 490.0
63.9752867314 11.514774474 490.0
63.978519029 11.5188670722 490.0
63.9819113282 11.5231622577 490.0
63.9851436258 11.5272548559 489.0
63.9883759234 11.5313474541 489.0
63.9917713342 11.5356465792 489.0
63.9952500549 11.540051188 489.0
63.9984823525 11.5441437862 489.0
64.0083813467 11.556677473 490.0
64.0117540442 11.5609478396 490.0
64.0149863418 11.5650404378 490.0
64.0182186394 11.569133036 490.0
64.0216333185 11.5734565578 490.0
64.0248656161 11.577549156 490.0
64.0280979137 11.5816417542 490.0
64.0314902457 11.5859369812 490.0
64.0347225433 11.5900295794 490.0
64.0379548409 11.5941221776 490.0
64.0413471211 11.5984173389 491.0
64.0445794187 11.6025099371 491.0
64.0478117163 11.6066025353 491.0
64.0512040002 11.6108977014 491.0
64.0544362978 11.6149902996 491.0
64.0576685954 11.6190828978 491.0
64.0610609396 11.6233781403 492.0
64.0642932372 11.6274707385 492.0
64.0675255348 11.6315633366 493.0
64.0709177929 11.6358584699 493.0
64.0741500905 11.6399510681 494.0
64.0773823881 11.6440436663 494.0
64.0807745179 11.6483386373 494.0
64.0840068155 11.6524312355 494.0
64.0872391131 11.6565238337 494.0
64.0906314703 11.6608190926 494.0
64.0938637679 11.6649116907 496.0
64.0970960655 11.6690042889 496.0
64.1004887592 11.6732999739 496.0
64.1037210568 11.6773925721 496.0
64.1069533544 11.6814851702 496.0
64.1103486202 11.6857841119 496.0
64.1135809178 11.6898767101 496.0
64.1168132154 11.6939693082 496.0
64.1202155901 11.6982772509 496.0
64.1236975109 11.7026859114 496.0
64.1269298085 11.7067785096 495.0
64.1368246909 11.7193069902 495.0
64.1402135749 11.7235978514 495.0
64.1434458725 11.7276904496 495.0
64.1466781701 11.7317830478 495.0
64.1500741028 11.7360828338 496.0
64.1533064004 11.740175432 496.0
64.156538698 11.7442680302 497.0
64.1599339927 11.7485670085 497.0
64.1631662903 11.7526596067 496.0
64.166398588 11.7567522049 496.0
64.1697931213 11.7610502191 496.0
64.1730254189 11.7651428173 496.0
64.1762577165 11.7692354155 496.0
64.1796580967 11.7735408328 496.0
64.1828903943 11.777633431 497.0
64.1861226919 11.7817260292 497.0
64.1895109594 11.7860161098 497.0
64.192743257 11.790108708 497.0
64.1959755546 11.7942013062 497.0
64.1993746484 11.7985050947 497.0
64.202606946 11.8025976929 498.0
64.2058392436 11.806690291 498.0
64.209234427 11.8109891283 497.0
64.2124667246 11.8150817265 497.0
64.2156990222 11.8191743247 498.0
64.2190983113 11.8234783605 498.0
64.2223306089 11.8275709587 498.0
64.2255629065 11.8316635569 498.0
64.2289515349 11.8359540945 499.0
64.2321838325 11.8400466927 499.0
64.2354161301 11.8441392909 499.0
64.2388115531 11.8484384315 499.0
64.2420438507 11.8525310297 500.0
64.2452761483 11.8566236279 500.0
64.2486774312 11.8609301881 499.0
64.2521401501 11.865314536 499.0
64.2553724477 11.8694071342 501.0
64.2652617998 11.8819286125 502.0
64.2686395766 11.8862054104 502.0
64.2718718742 11.8902980086 504.0
64.2751041718 11.8943906068 504.0
64.2785143514 11.8987084316 505.0
64.281746649 11.9028010298 505.0
64.2849789466 11.906893628 505.0
64.2883716563 11.9111893332 505.0
64.2916039539 11.9152819314 506.0
64.2948362515 11.9193745296 506.0
64.2982282211 11.9236692977 506.0
64.3014605187 11.9277618959 506.0
64.3046928163 11.931854494 506.0
64.3080975144 11.9361653785 506.0
64.311329812 11.9402579767 506.0
64.3145621096 11.9443505749 506.0
64.3179418444 11.9486298517 507.0
64.321174142 11.9527224499 507.0
64.3244064396 11.9568150481 508.0
64.3277958302 11.9611065508 508.0
64.3310281278 11.965199149 509.0
64.3342604254 11.9692917472 509.0
64.3376496207 11.9735830026 512.0
64.3408819183 11.9776756008 512.0
64.3441142159 11.981768199 515.0
64.3475066532 11.9860635593 515.0
64.3507389508 11.9901561575 516.0
64.3539712484 11.9942487557 516.0
64.3573672863 11.998548675 518.0
64.3605995839 12.0026412731 518.0
64.3638318816 12.0067338713 521.0
64.3672257877 12.0110310914 521.0
64.3704580853 12.0151236896 523.0
64.3736903829 12.0192162878 523.0
64.3770706265 12.023496209 525.0
64.3805781494 12.0279372857 525.0
64.383810447 12.0320298839 528.0
64.3937088888 12.0445628713 529.0
64.3970786487 12.0488295184 529.0
64.4003109463 12.0529221166 531.0
64.4035432439 12.0570147148 531.0
64.4069579802 12.0613383091 532.0
64.4101902778 12.0654309073 532.0
64.4134225754 12.0695235055 534.0
64.4168215448 12.0738271365 534.0
64.4200538424 12.0779197347 536.0
64.42328614 12.0820123329 536.0
64.4266654146 12.0862910272 537.0
64.4298977122 12.0903836254 537.0
64.4331300098 12.0944762236 537.0
64.4365222579 12.0987713443 537.0
64.4397545555 12.1028639425 538.0
64.4429868531 12.1069565407 538.0
64.4463760194 12.1112477594 540.0
64.449608317 12.1153403576 540.0
64.4528406146 12.1194329558 541.0
64.4562457858 12.1237444392 541.0
64.4594780834 12.1278370374 541.0
64.462710381 12.1319296356 541.0
64.4660849929 12.1362024261 542.0
64.4693172905 12.1402950243 542.0
64.4725495881 12.1443876224 541.0
64.4759417088 12.1486825818 541.0
64.4791740064 12.15277518 534.0
64.482406304 12.1568677782 534.0
64.4857914378 12.1611538911 533.0
64.4890237354 12.1652464893 533.0
64.492256033 12.1693390875 537.0
64.4956477569 12.1736335445 537.0
64.4988800545 12.1777261427 539.0
64.5021123521 12.1818187409 539.0
64.5055020082 12.1861105798 539.0
64.5090223321 12.1905678646 539.0
64.5122546304 12.1946604638 540.0
64.5221498035 12.2071893125 540.0
64.5255225941 12.2114597969 540.0
64.5287548917 12.2155523951 538.0
64.5319871893 12.2196449933 538.0
64.5354015738 12.2239681422 538.0
64.5386338714 12.2280607404 538.0
64.541866169 12.2321533386 538.0
64.5452593518 12.2364496428 538.0
64.5484916494 12.240542241 537.0
64.551723947 12.2446348392 537.0
64.5551187466 12.2489331905 537.0
64.5583510442 12.2530257887 537.0
64.5615833418 12.2571183869 537.0
64.5649788571 12.2614176444 537.0
64.5682111547 12.2655102426 537.0
64.5714434523 12.2696028408 537.0
64.5748390744 12.2739022336 536.0
64.578071372 12.2779948318 536.0
64.5813036696 12.28208743 536.0
64.5847023537 12.2863906997 536.0
64.5879346513 12.2904832979 535.0
64.5911669489 12.2945758961 535.0
64.5945591848 12.2988710013 533.0
64.5977914824 12.3029635995 533.0
64.60102378 12.3070561977 532.0
64.604422448 12.3113594471 532.0
64.6076547456 12.3154520453 532.0
64.6108870432 12.3195446435 532.0
64.567825909 12.5632062462 531.0
64.4017046906 13.4395071083 531.0
64.5306913556 14.1511933617 530.0
64.7642113184 14.8559072956 530.0
65.1016296187 15.4901733176 529.0
65.3960090859 16.1522072129 529.0
65.6136405154 16.9044365712 527.0
65.9130577318 17.6797906474 527.0
66.4989196443 18.1217885072 526.0
68.1968877079 19.5156784291 526.0
68.1914151516 20.1705859734 526.0
68.1464765637 20.8624937047 525.0
68.0816649903 21.5863808387 525.0
68.0377353006 22.3722747899 525.0
67.9220194659 23.0937686194 525.0
67.6985316815 23.7829322812 524.0
67.3052309401 24.4794799452 524.0
66.8913894435 25.1162868985 523.0
66.4530170959 25.7240928139 523.0
65.9759031425 26.3178956068 524.0
65.8741780268 26.9117935815 524.0
65.8582656091 27.5368487824 524.0
66.0501713198 28.2900693901 524.0
66.2982200193 29.0059189776 524.0
66.4382381496 29.7120014646 524.0
66.3020710835 30.4295576072 524.0
66.1410205288 30.8388826004 524.0
65.974535386 31.2007523874 525.0
65.7998113597 31.5805300968 525.0
65.7751896768 31.7212272506 525.0
65.7846811178 31.8087402409 525.0
65.7946585007 31.9007337137 523.0
65.8041499416 31.988246704 523.0
65.8136413825 32.0757596944 525.0
65.8765388699 32.6556871509 526.0
65.8765388699 32.6556871509 526.0
65.8765388699 32.6556871509 527.0
65.8765388699 32.6556871509 527.0
65.8765388699 32.6556871509 528.0
65.8765388699 32.6556871509 528.0
65.8765388699 32.6556871509 526.0
65.8765388699 32.6556871509 526.0
